S
100
0,1,10.0
0,4,10.0
0,5,22.0
0,6,22.0
0,8,29.0
0,9,20.0
0,10,11.0
0,11,30.0
0,12,10.0
0,13,29.0
0,15,26.0
0,16,14.0
0,18,23.0
0,20,18.0
0,21,28.0
0,22,10.0
0,23,14.0
0,25,18.0
0,26,12.0
0,29,11.0
0,30,22.0
0,31,12.0
0,33,11.0
0,35,22.0
0,36,29.0
0,37,12.0
0,38,19.0
0,40,20.0
0,41,20.0
0,42,17.0
0,44,17.0
0,45,16.0
0,46,21.0
0,47,11.0
0,48,10.0
0,49,30.0
0,50,11.0
0,51,11.0
0,52,18.0
0,53,24.0
0,54,26.0
0,57,10.0
0,58,23.0
0,59,19.0
0,60,24.0
0,61,24.0
0,62,17.0
0,63,30.0
0,64,19.0
0,67,28.0
0,68,14.0
0,70,25.0
0,71,22.0
0,72,25.0
0,74,16.0
0,76,11.0
0,77,22.0
0,78,15.0
0,80,29.0
0,81,20.0
0,82,17.0
0,83,14.0
0,84,24.0
0,85,17.0
0,86,27.0
0,87,17.0
0,88,19.0
0,91,11.0
0,95,13.0
0,96,10.0
0,97,22.0
0,98,18.0
0,99,21.0
1,2,26.0
1,3,17.0
1,4,22.0
1,5,11.0
1,6,12.0
1,7,25.0
1,8,27.0
1,9,13.0
1,10,26.0
1,11,30.0
1,12,28.0
1,13,13.0
1,14,23.0
1,15,17.0
1,18,22.0
1,23,18.0
1,24,27.0
1,25,20.0
1,26,30.0
1,27,16.0
1,28,13.0
1,29,11.0
1,30,27.0
1,32,14.0
1,33,13.0
1,35,10.0
1,36,13.0
1,37,24.0
1,39,16.0
1,40,12.0
1,41,18.0
1,42,11.0
1,43,22.0
1,45,29.0
1,48,10.0
1,49,13.0
1,50,26.0
1,51,30.0
1,53,23.0
1,55,13.0
1,56,14.0
1,57,18.0
1,58,16.0
1,59,16.0
1,60,20.0
1,61,25.0
1,63,18.0
1,66,14.0
1,68,16.0
1,70,12.0
1,72,15.0
1,74,23.0
1,75,10.0
1,76,17.0
1,77,20.0
1,79,13.0
1,80,19.0
1,83,15.0
1,84,12.0
1,85,26.0
1,87,27.0
1,88,15.0
1,90,12.0
1,92,25.0
1,93,11.0
1,95,27.0
1,96,15.0
1,98,17.0
1,99,24.0
2,3,30.0
2,6,14.0
2,14,24.0
2,15,25.0
2,17,25.0
2,19,11.0
2,20,10.0
2,21,25.0
2,24,18.0
2,27,22.0
2,28,29.0
2,30,11.0
2,31,30.0
2,32,12.0
2,33,27.0
2,34,27.0
2,36,30.0
2,37,11.0
2,40,13.0
2,42,26.0
2,44,22.0
2,45,14.0
2,46,24.0
2,47,22.0
2,48,16.0
2,49,19.0
2,50,16.0
2,51,29.0
2,52,18.0
2,55,12.0
2,56,22.0
2,57,21.0
2,61,13.0
2,62,28.0
2,63,14.0
2,66,17.0
2,67,23.0
2,68,29.0
2,69,14.0
2,70,10.0
2,72,19.0
2,73,17.0
2,77,24.0
2,79,26.0
2,80,28.0
2,81,23.0
2,83,28.0
2,84,26.0
2,85,23.0
2,86,17.0
2,90,12.0
2,92,10.0
2,95,20.0
2,96,30.0
2,98,27.0
3,4,22.0
3,6,23.0
3,7,17.0
3,9,25.0
3,12,25.0
3,15,17.0
3,17,14.0
3,18,21.0
3,19,10.0
3,29,26.0
3,32,20.0
3,33,23.0
3,34,26.0
3,35,17.0
3,37,12.0
3,38,10.0
3,39,13.0
3,41,23.0
3,43,11.0
3,44,25.0
3,45,30.0
3,46,30.0
3,48,25.0
3,49,21.0
3,50,12.0
3,51,16.0
3,54,24.0
3,55,10.0
3,57,19.0
3,58,25.0
3,59,28.0
3,60,27.0
3,62,16.0
3,65,11.0
3,67,26.0
3,68,10.0
3,69,19.0
3,70,28.0
3,71,19.0
3,74,19.0
3,77,19.0
3,78,19.0
3,79,18.0
3,81,29.0
3,87,16.0
3,89,20.0
3,90,18.0
3,91,15.0
3,92,13.0
3,93,23.0
3,95,10.0
3,96,19.0
3,97,29.0
3,98,18.0
4,7,23.0
4,8,11.0
4,10,10.0
4,12,22.0
4,13,23.0
4,14,21.0
4,15,15.0
4,16,16.0
4,22,12.0
4,23,28.0
4,27,18.0
4,28,14.0
4,29,24.0
4,32,25.0
4,33,12.0
4,34,24.0
4,39,12.0
4,41,29.0
4,43,27.0
4,44,11.0
4,45,23.0
4,47,22.0
4,48,11.0
4,49,10.0
4,50,18.0
4,53,21.0
4,54,23.0
4,55,20.0
4,56,26.0
4,57,17.0
4,62,25.0
4,70,22.0
4,71,25.0
4,72,28.0
4,73,21.0
4,74,29.0
4,76,27.0
4,77,11.0
4,81,30.0
4,83,14.0
4,84,20.0
4,88,11.0
4,90,21.0
4,91,11.0
4,92,16.0
4,93,13.0
4,94,20.0
4,96,25.0
4,97,26.0
4,98,15.0
5,8,19.0
5,9,24.0
5,10,25.0
5,11,10.0
5,12,12.0
5,13,30.0
5,16,30.0
5,17,11.0
5,19,11.0
5,24,13.0
5,26,29.0
5,28,27.0
5,30,20.0
5,31,25.0
5,33,27.0
5,38,24.0
5,39,20.0
5,40,22.0
5,41,11.0
5,43,22.0
5,44,30.0
5,49,13.0
5,51,25.0
5,52,25.0
5,53,17.0
5,54,28.0
5,56,23.0
5,57,29.0
5,60,27.0
5,61,22.0
5,62,16.0
5,63,25.0
5,64,22.0
5,65,17.0
5,66,22.0
5,68,17.0
5,69,24.0
5,75,18.0
5,78,17.0
5,79,17.0
5,83,13.0
5,85,23.0
5,86,10.0
5,88,10.0
5,90,24.0
5,92,18.0
5,95,18.0
5,97,26.0
5,98,17.0
5,99,23.0
6,9,22.0
6,10,18.0
6,11,30.0
6,13,12.0
6,14,18.0
6,16,24.0
6,18,27.0
6,20,15.0
6,21,21.0
6,23,15.0
6,25,15.0
6,26,26.0
6,27,15.0
6,28,26.0
6,29,17.0
6,33,24.0
6,37,23.0
6,38,19.0
6,39,14.0
6,41,14.0
6,43,22.0
6,44,21.0
6,45,14.0
6,46,25.0
6,49,21.0
6,50,17.0
6,52,27.0
6,53,25.0
6,54,25.0
6,55,30.0
6,56,30.0
6,59,18.0
6,60,27.0
6,65,29.0
6,69,27.0
6,70,22.0
6,73,30.0
6,74,22.0
6,79,20.0
6,80,27.0
6,81,16.0
6,82,24.0
6,83,29.0
6,84,25.0
6,85,17.0
6,86,15.0
6,87,30.0
6,89,18.0
6,90,13.0
6,91,21.0
6,92,19.0
6,93,18.0
6,95,12.0
6,96,20.0
6,99,13.0
7,8,29.0
7,9,29.0
7,10,11.0
7,11,10.0
7,12,29.0
7,13,13.0
7,16,26.0
7,17,29.0
7,22,27.0
7,23,15.0
7,24,30.0
7,26,20.0
7,27,16.0
7,31,20.0
7,44,27.0
7,48,19.0
7,49,23.0
7,52,14.0
7,54,23.0
7,55,21.0
7,56,30.0
7,58,30.0
7,59,14.0
7,61,29.0
7,62,29.0
7,63,24.0
7,66,29.0
7,69,23.0
7,71,29.0
7,72,28.0
7,75,11.0
7,79,10.0
7,81,17.0
7,83,27.0
7,87,24.0
7,90,18.0
7,91,10.0
7,93,21.0
7,94,12.0
7,95,29.0
7,97,18.0
8,9,22.0
8,10,25.0
8,13,16.0
8,14,22.0
8,15,29.0
8,19,29.0
8,20,16.0
8,21,20.0
8,22,17.0
8,23,25.0
8,24,26.0
8,25,23.0
8,26,16.0
8,28,24.0
8,30,15.0
8,31,23.0
8,32,26.0
8,33,15.0
8,34,10.0
8,35,14.0
8,36,13.0
8,37,16.0
8,38,27.0
8,39,15.0
8,40,24.0
8,41,16.0
8,42,29.0
8,43,23.0
8,45,21.0
8,46,27.0
8,47,22.0
8,48,27.0
8,49,24.0
8,50,15.0
8,51,10.0
8,55,11.0
8,57,29.0
8,58,15.0
8,61,12.0
8,63,15.0
8,64,20.0
8,65,30.0
8,66,30.0
8,67,11.0
8,69,10.0
8,71,28.0
8,72,24.0
8,74,15.0
8,76,22.0
8,79,30.0
8,80,15.0
8,81,12.0
8,83,20.0
8,85,20.0
8,87,18.0
8,88,12.0
8,90,22.0
8,91,13.0
8,93,22.0
8,94,21.0
8,96,21.0
8,97,13.0
8,99,15.0
9,10,26.0
9,11,22.0
9,12,24.0
9,13,30.0
9,17,20.0
9,18,26.0
9,21,16.0
9,22,27.0
9,23,11.0
9,26,17.0
9,27,10.0
9,28,11.0
9,31,24.0
9,32,30.0
9,34,26.0
9,35,16.0
9,37,23.0
9,39,16.0
9,40,17.0
9,43,28.0
9,45,28.0
9,46,20.0
9,47,28.0
9,49,29.0
9,50,27.0
9,51,20.0
9,52,26.0
9,55,20.0
9,57,14.0
9,58,17.0
9,59,29.0
9,60,21.0
9,61,12.0
9,62,27.0
9,65,12.0
9,66,20.0
9,69,28.0
9,71,15.0
9,73,11.0
9,74,17.0
9,75,10.0
9,76,24.0
9,77,24.0
9,78,27.0
9,82,23.0
9,83,19.0
9,84,12.0
9,85,19.0
9,86,30.0
9,87,22.0
9,88,13.0
9,91,23.0
9,92,18.0
9,94,10.0
9,95,13.0
9,96,13.0
9,97,30.0
9,99,10.0
10,11,12.0
10,12,13.0
10,13,22.0
10,14,14.0
10,15,15.0
10,16,18.0
10,17,28.0
10,19,15.0
10,20,12.0
10,21,12.0
10,23,29.0
10,24,28.0
10,26,28.0
10,28,27.0
10,29,24.0
10,30,10.0
10,31,22.0
10,32,24.0
10,34,19.0
10,35,29.0
10,36,29.0
10,37,14.0
10,39,10.0
10,40,16.0
10,41,10.0
10,42,16.0
10,45,26.0
10,47,14.0
10,48,14.0
10,49,12.0
10,50,26.0
10,51,14.0
10,52,19.0
10,53,12.0
10,54,22.0
10,55,23.0
10,56,11.0
10,57,13.0
10,60,11.0
10,61,27.0
10,63,20.0
10,64,19.0
10,65,29.0
10,66,15.0
10,69,10.0
10,70,22.0
10,72,12.0
10,73,16.0
10,74,27.0
10,76,19.0
10,78,21.0
10,79,15.0
10,80,17.0
10,84,16.0
10,85,28.0
10,86,27.0
10,89,30.0
10,90,24.0
10,91,24.0
10,92,12.0
10,95,10.0
10,96,28.0
10,97,28.0
10,99,26.0
11,12,17.0
11,13,19.0
11,14,30.0
11,15,19.0
11,17,17.0
11,18,22.0
11,20,10.0
11,21,18.0
11,24,22.0
11,26,28.0
11,28,24.0
11,32,29.0
11,33,19.0
11,35,27.0
11,36,12.0
11,39,15.0
11,41,27.0
11,42,19.0
11,43,30.0
11,45,25.0
11,46,14.0
11,48,29.0
11,51,18.0
11,52,26.0
11,55,25.0
11,58,17.0
11,59,30.0
11,61,21.0
11,63,25.0
11,64,28.0
11,65,17.0
11,66,14.0
11,68,20.0
11,69,23.0
11,70,23.0
11,71,22.0
11,75,19.0
11,77,25.0
11,78,25.0
11,80,10.0
11,81,18.0
11,85,13.0
11,86,11.0
11,87,17.0
11,89,20.0
11,90,14.0
11,93,15.0
11,95,24.0
11,96,28.0
11,99,16.0
12,13,14.0
12,14,21.0
12,15,29.0
12,16,20.0
12,17,24.0
12,18,24.0
12,19,22.0
12,20,25.0
12,21,23.0
12,22,29.0
12,23,23.0
12,24,24.0
12,26,13.0
12,27,16.0
12,28,25.0
12,30,10.0
12,31,30.0
12,32,26.0
12,33,22.0
12,34,11.0
12,35,11.0
12,36,23.0
12,37,30.0
12,38,10.0
12,39,21.0
12,41,13.0
12,42,26.0
12,45,25.0
12,49,25.0
12,50,26.0
12,51,29.0
12,53,23.0
12,54,16.0
12,56,16.0
12,57,25.0
12,59,11.0
12,60,20.0
12,61,24.0
12,62,28.0
12,63,19.0
12,64,22.0
12,65,14.0
12,66,25.0
12,68,30.0
12,69,30.0
12,71,17.0
12,72,16.0
12,74,11.0
12,75,12.0
12,76,17.0
12,78,28.0
12,79,28.0
12,81,11.0
12,82,17.0
12,83,27.0
12,84,14.0
12,85,26.0
12,88,10.0
12,90,22.0
12,91,13.0
12,92,17.0
12,93,24.0
12,94,29.0
12,95,30.0
12,96,12.0
12,97,30.0
12,98,14.0
12,99,23.0
13,14,15.0
13,16,19.0
13,17,27.0
13,18,18.0
13,19,10.0
13,20,30.0
13,21,25.0
13,22,28.0
13,23,29.0
13,24,23.0
13,25,27.0
13,26,17.0
13,29,15.0
13,30,23.0
13,31,22.0
13,32,21.0
13,34,11.0
13,35,11.0
13,36,17.0
13,38,20.0
13,39,29.0
13,41,19.0
13,45,30.0
13,46,14.0
13,47,16.0
13,49,28.0
13,50,29.0
13,51,21.0
13,52,19.0
13,54,19.0
13,55,10.0
13,56,25.0
13,57,19.0
13,58,16.0
13,59,10.0
13,60,26.0
13,61,28.0
13,63,23.0
13,64,11.0
13,65,23.0
13,66,17.0
13,67,10.0
13,69,19.0
13,73,29.0
13,74,14.0
13,75,12.0
13,77,12.0
13,79,22.0
13,80,13.0
13,81,27.0
13,82,30.0
13,83,24.0
13,84,17.0
13,85,19.0
13,89,17.0
13,91,21.0
13,92,28.0
13,94,15.0
13,99,11.0
14,15,24.0
14,17,23.0
14,18,22.0
14,19,28.0
14,20,11.0
14,22,28.0
14,23,21.0
14,24,18.0
14,25,27.0
14,26,25.0
14,27,16.0
14,29,23.0
14,30,12.0
14,31,13.0
14,35,26.0
14,39,16.0
14,40,18.0
14,42,14.0
14,43,30.0
14,44,30.0
14,45,15.0
14,46,18.0
14,47,10.0
14,49,27.0
14,52,19.0
14,53,15.0
14,55,10.0
14,56,29.0
14,58,29.0
14,60,22.0
14,61,27.0
14,62,25.0
14,64,18.0
14,66,24.0
14,67,19.0
14,69,26.0
14,70,28.0
14,71,10.0
14,72,22.0
14,74,30.0
14,75,16.0
14,77,29.0
14,78,26.0
14,79,10.0
14,80,26.0
14,81,22.0
14,82,23.0
14,83,12.0
14,84,24.0
14,87,25.0
14,88,21.0
14,89,19.0
14,90,20.0
14,91,23.0
14,92,18.0
14,95,25.0
14,96,23.0
14,97,28.0
14,98,30.0
15,16,17.0
15,17,27.0
15,18,27.0
15,19,22.0
15,20,22.0
15,22,19.0
15,23,20.0
15,24,25.0
15,25,11.0
15,28,15.0
15,29,28.0
15,30,28.0
15,32,11.0
15,33,15.0
15,34,14.0
15,35,25.0
15,36,11.0
15,38,15.0
15,39,28.0
15,40,17.0
15,41,14.0
15,42,22.0
15,45,25.0
15,46,28.0
15,47,11.0
15,48,16.0
15,51,25.0
15,52,13.0
15,53,16.0
15,54,20.0
15,55,16.0
15,56,24.0
15,57,25.0
15,58,28.0
15,59,29.0
15,60,27.0
15,61,20.0
15,62,27.0
15,63,19.0
15,64,27.0
15,65,28.0
15,66,25.0
15,67,16.0
15,69,14.0
15,71,26.0
15,72,21.0
15,73,29.0
15,74,15.0
15,75,14.0
15,76,28.0
15,78,17.0
15,79,25.0
15,80,25.0
15,81,21.0
15,82,25.0
15,83,23.0
15,84,30.0
15,86,25.0
15,87,11.0
15,89,19.0
15,92,10.0
15,94,27.0
15,95,20.0
15,96,21.0
15,97,14.0
15,99,22.0
16,17,16.0
16,18,29.0
16,19,11.0
16,20,21.0
16,22,22.0
16,23,22.0
16,25,26.0
16,26,10.0
16,27,21.0
16,28,30.0
16,29,14.0
16,31,22.0
16,32,20.0
16,33,25.0
16,34,10.0
16,35,13.0
16,36,20.0
16,37,22.0
16,38,22.0
16,40,17.0
16,41,17.0
16,42,19.0
16,43,26.0
16,45,26.0
16,46,11.0
16,47,18.0
16,51,24.0
16,52,17.0
16,53,29.0
16,54,10.0
16,55,29.0
16,56,25.0
16,57,22.0
16,58,18.0
16,60,20.0
16,61,17.0
16,62,19.0
16,63,12.0
16,65,30.0
16,66,18.0
16,67,24.0
16,68,24.0
16,71,15.0
16,72,27.0
16,73,10.0
16,74,26.0
16,75,26.0
16,76,24.0
16,77,21.0
16,79,27.0
16,80,17.0
16,81,24.0
16,83,24.0
16,85,28.0
16,87,12.0
16,90,23.0
16,92,30.0
16,93,24.0
16,95,12.0
16,97,13.0
16,99,29.0
17,18,28.0
17,19,12.0
17,20,13.0
17,21,23.0
17,22,14.0
17,28,20.0
17,29,26.0
17,31,29.0
17,36,18.0
17,40,19.0
17,41,20.0
17,42,25.0
17,43,15.0
17,46,15.0
17,48,27.0
17,50,12.0
17,51,10.0
17,52,18.0
17,53,25.0
17,54,30.0
17,56,17.0
17,58,28.0
17,59,10.0
17,60,11.0
17,64,22.0
17,67,14.0
17,68,17.0
17,70,15.0
17,71,10.0
17,72,30.0
17,79,14.0
17,84,10.0
17,86,11.0
17,87,21.0
17,92,24.0
17,96,29.0
18,19,10.0
18,21,23.0
18,23,10.0
18,24,16.0
18,25,16.0
18,26,12.0
18,28,27.0
18,29,10.0
18,30,22.0
18,32,26.0
18,35,21.0
18,37,16.0
18,43,23.0
18,44,10.0
18,46,20.0
18,47,18.0
18,50,18.0
18,57,26.0
18,58,27.0
18,60,29.0
18,61,23.0
18,65,13.0
18,68,14.0
18,69,21.0
18,70,13.0
18,72,15.0
18,74,12.0
18,76,11.0
18,80,17.0
18,83,27.0
18,84,18.0
18,85,23.0
18,86,22.0
18,87,16.0
18,88,28.0
18,89,13.0
18,90,27.0
18,91,28.0
18,92,21.0
18,93,15.0
18,94,27.0
18,96,13.0
18,97,12.0
19,22,12.0
19,24,16.0
19,26,18.0
19,28,13.0
19,29,15.0
19,33,10.0
19,34,16.0
19,37,16.0
19,38,11.0
19,39,14.0
19,40,21.0
19,41,12.0
19,43,19.0
19,44,12.0
19,45,18.0
19,47,10.0
19,48,17.0
19,54,21.0
19,55,29.0
19,57,17.0
19,58,21.0
19,62,10.0
19,63,11.0
19,64,22.0
19,66,28.0
19,67,15.0
19,68,19.0
19,70,26.0
19,71,23.0
19,72,15.0
19,74,21.0
19,75,17.0
19,77,27.0
19,78,10.0
19,79,13.0
19,80,24.0
19,81,23.0
19,84,30.0
19,85,16.0
19,86,16.0
19,87,18.0
19,88,15.0
19,89,28.0
19,91,12.0
19,93,13.0
19,94,25.0
19,95,30.0
19,96,16.0
19,97,13.0
19,98,25.0
20,21,30.0
20,22,29.0
20,23,27.0
20,24,30.0
20,26,20.0
20,29,26.0
20,30,20.0
20,31,13.0
20,32,20.0
20,35,26.0
20,36,20.0
20,37,14.0
20,39,18.0
20,40,23.0
20,42,18.0
20,44,20.0
20,47,27.0
20,48,29.0
20,50,19.0
20,54,23.0
20,56,12.0
20,57,23.0
20,59,23.0
20,60,20.0
20,62,27.0
20,63,24.0
20,65,18.0
20,66,16.0
20,67,10.0
20,68,14.0
20,69,12.0
20,70,30.0
20,71,30.0
20,72,22.0
20,73,28.0
20,74,18.0
20,75,24.0
20,77,20.0
20,78,23.0
20,81,24.0
20,82,21.0
20,83,23.0
20,84,26.0
20,87,14.0
20,88,13.0
20,89,12.0
20,92,12.0
20,93,13.0
20,94,23.0
20,95,26.0
20,96,18.0
20,97,20.0
20,98,25.0
20,99,16.0
21,23,16.0
21,27,29.0
21,31,28.0
21,34,14.0
21,36,24.0
21,38,24.0
21,40,16.0
21,41,15.0
21,42,18.0
21,47,24.0
21,52,14.0
21,55,24.0
21,56,15.0
21,58,12.0
21,60,27.0
21,61,26.0
21,63,25.0
21,64,28.0
21,66,28.0
21,67,11.0
21,68,16.0
21,69,17.0
21,70,17.0
21,72,19.0
21,75,19.0
21,78,16.0
21,80,14.0
21,82,20.0
21,83,14.0
21,86,13.0
21,87,27.0
21,88,17.0
21,89,24.0
21,93,10.0
21,95,30.0
21,96,16.0
21,97,11.0
21,98,13.0
21,99,21.0
22,24,16.0
22,26,24.0
22,27,16.0
22,28,15.0
22,29,17.0
22,30,28.0
22,31,16.0
22,32,26.0
22,33,13.0
22,36,30.0
22,37,13.0
22,39,29.0
22,40,28.0
22,41,22.0
22,42,10.0
22,43,29.0
22,44,27.0
22,47,22.0
22,49,17.0
22,52,22.0
22,53,21.0
22,54,19.0
22,55,20.0
22,56,17.0
22,57,25.0
22,58,22.0
22,59,28.0
22,60,22.0
22,61,29.0
22,62,30.0
22,63,19.0
22,64,12.0
22,66,13.0
22,67,11.0
22,71,27.0
22,72,24.0
22,74,13.0
22,75,20.0
22,76,16.0
22,77,23.0
22,78,20.0
22,81,19.0
22,82,14.0
22,83,30.0
22,86,22.0
22,87,24.0
22,90,17.0
22,92,18.0
22,95,17.0
22,96,28.0
22,98,26.0
23,24,18.0
23,25,16.0
23,27,22.0
23,31,20.0
23,32,16.0
23,33,19.0
23,35,28.0
23,36,20.0
23,38,19.0
23,40,16.0
23,42,10.0
23,43,18.0
23,45,21.0
23,47,23.0
23,49,14.0
23,50,28.0
23,51,16.0
23,52,20.0
23,53,30.0
23,54,19.0
23,55,17.0
23,59,17.0
23,60,24.0
23,61,19.0
23,64,21.0
23,66,23.0
23,68,12.0
23,69,11.0
23,70,20.0
23,71,13.0
23,72,14.0
23,74,27.0
23,75,30.0
23,78,27.0
23,80,25.0
23,82,22.0
23,86,11.0
23,87,26.0
23,88,21.0
23,91,13.0
23,92,11.0
23,93,20.0
23,97,19.0
23,98,11.0
23,99,26.0
24,25,16.0
24,27,10.0
24,28,18.0
24,29,12.0
24,30,12.0
24,31,23.0
24,33,20.0
24,34,22.0
24,36,17.0
24,37,27.0
24,42,17.0
24,46,29.0
24,48,10.0
24,51,11.0
24,52,18.0
24,54,13.0
24,55,16.0
24,56,13.0
24,57,10.0
24,59,19.0
24,62,20.0
24,64,17.0
24,65,30.0
24,66,29.0
24,67,22.0
24,71,30.0
24,74,29.0
24,76,27.0
24,81,19.0
24,83,22.0
24,88,24.0
24,91,30.0
24,92,12.0
24,94,14.0
24,97,16.0
24,99,25.0
25,27,23.0
25,28,14.0
25,29,20.0
25,31,27.0
25,35,14.0
25,36,28.0
25,38,25.0
25,39,21.0
25,42,20.0
25,43,29.0
25,44,11.0
25,46,14.0
25,49,12.0
25,50,16.0
25,51,13.0
25,54,29.0
25,56,30.0
25,58,10.0
25,59,17.0
25,61,23.0
25,67,22.0
25,68,24.0
25,69,19.0
25,70,24.0
25,72,23.0
25,74,30.0
25,76,28.0
25,77,25.0
25,78,14.0
25,79,23.0
25,81,15.0
25,82,23.0
25,84,29.0
25,91,25.0
25,94,29.0
25,96,17.0
25,98,25.0
26,27,28.0
26,29,22.0
26,31,19.0
26,33,12.0
26,34,11.0
26,35,14.0
26,36,26.0
26,37,29.0
26,38,26.0
26,39,19.0
26,41,10.0
26,42,22.0
26,44,16.0
26,45,28.0
26,46,15.0
26,47,30.0
26,48,30.0
26,50,29.0
26,51,18.0
26,52,16.0
26,53,23.0
26,54,26.0
26,55,18.0
26,56,29.0
26,57,21.0
26,58,26.0
26,59,11.0
26,61,19.0
26,63,22.0
26,64,25.0
26,66,26.0
26,67,30.0
26,68,12.0
26,73,12.0
26,74,16.0
26,76,11.0
26,77,30.0
26,79,20.0
26,80,29.0
26,81,11.0
26,83,28.0
26,84,17.0
26,85,22.0
26,89,23.0
26,91,14.0
26,92,11.0
26,95,26.0
26,96,13.0
26,97,27.0
26,98,19.0
26,99,11.0
27,30,25.0
27,33,21.0
27,34,18.0
27,35,21.0
27,36,30.0
27,38,21.0
27,39,17.0
27,40,25.0
27,41,19.0
27,43,12.0
27,45,17.0
27,48,11.0
27,49,26.0
27,52,21.0
27,53,11.0
27,54,24.0
27,57,16.0
27,58,29.0
27,59,13.0
27,60,30.0
27,62,21.0
27,63,29.0
27,64,15.0
27,65,12.0
27,66,28.0
27,68,24.0
27,69,12.0
27,70,24.0
27,74,22.0
27,75,22.0
27,76,18.0
27,77,29.0
27,79,14.0
27,80,16.0
27,81,23.0
27,82,30.0
27,83,22.0
27,84,11.0
27,85,12.0
27,86,11.0
27,87,22.0
27,88,14.0
27,89,10.0
27,91,17.0
27,93,12.0
27,94,13.0
27,95,11.0
27,96,26.0
27,98,16.0
27,99,15.0
28,29,27.0
28,30,12.0
28,31,10.0
28,33,17.0
28,34,15.0
28,35,13.0
28,36,11.0
28,38,14.0
28,39,24.0
28,41,27.0
28,42,29.0
28,43,27.0
28,44,25.0
28,46,21.0
28,48,10.0
28,49,25.0
28,50,29.0
28,51,11.0
28,53,23.0
28,54,23.0
28,56,12.0
28,57,13.0
28,61,11.0
28,62,18.0
28,64,19.0
28,65,10.0
28,66,21.0
28,68,18.0
28,69,30.0
28,70,23.0
28,71,20.0
28,72,14.0
28,73,24.0
28,74,20.0
28,75,21.0
28,76,29.0
28,77,13.0
28,78,30.0
28,80,26.0
28,81,12.0
28,83,23.0
28,85,16.0
28,86,11.0
28,88,11.0
28,91,12.0
28,93,12.0
28,94,28.0
28,95,26.0
28,96,11.0
28,97,25.0
28,98,25.0
29,30,13.0
29,32,23.0
29,33,30.0
29,34,28.0
29,35,25.0
29,36,14.0
29,38,28.0
29,39,16.0
29,40,18.0
29,43,15.0
29,44,14.0
29,45,21.0
29,46,23.0
29,47,17.0
29,49,15.0
29,52,10.0
29,54,18.0
29,55,12.0
29,58,16.0
29,59,16.0
29,62,11.0
29,64,28.0
29,69,23.0
29,70,15.0
29,73,27.0
29,75,27.0
29,76,28.0
29,78,14.0
29,79,22.0
29,82,26.0
29,88,19.0
29,89,10.0
29,90,13.0
29,91,24.0
29,92,10.0
29,93,11.0
29,97,25.0
29,98,30.0
29,99,14.0
30,31,14.0
30,32,12.0
30,33,23.0
30,34,24.0
30,36,11.0
30,37,13.0
30,40,25.0
30,41,14.0
30,42,30.0
30,44,12.0
30,45,22.0
30,48,19.0
30,53,11.0
30,56,17.0
30,57,21.0
30,60,18.0
30,62,11.0
30,63,10.0
30,65,15.0
30,66,11.0
30,67,18.0
30,68,17.0
30,69,28.0
30,70,15.0
30,71,20.0
30,73,25.0
30,77,20.0
30,78,21.0
30,80,14.0
30,81,27.0
30,82,30.0
30,83,29.0
30,84,24.0
30,87,16.0
30,88,15.0
30,89,25.0
30,90,28.0
30,91,29.0
30,92,17.0
30,95,29.0
30,96,16.0
31,33,30.0
31,34,21.0
31,36,21.0
31,37,20.0
31,40,30.0
31,41,19.0
31,42,11.0
31,43,14.0
31,44,11.0
31,45,12.0
31,46,13.0
31,48,14.0
31,49,15.0
31,51,25.0
31,52,12.0
31,56,18.0
31,57,12.0
31,58,11.0
31,59,13.0
31,60,27.0
31,61,27.0
31,62,20.0
31,63,29.0
31,64,25.0
31,68,26.0
31,69,17.0
31,70,28.0
31,71,19.0
31,73,12.0
31,74,14.0
31,75,23.0
31,76,21.0
31,77,12.0
31,78,28.0
31,79,24.0
31,80,20.0
31,81,21.0
31,83,27.0
31,84,16.0
31,85,23.0
31,86,29.0
31,88,20.0
31,89,22.0
31,92,23.0
31,94,30.0
31,96,12.0
31,97,10.0
31,98,19.0
31,99,25.0
32,33,14.0
32,34,18.0
32,35,27.0
32,38,26.0
32,39,28.0
32,41,19.0
32,42,24.0
32,43,12.0
32,44,16.0
32,48,21.0
32,49,26.0
32,50,14.0
32,51,29.0
32,52,18.0
32,53,24.0
32,54,11.0
32,55,11.0
32,56,25.0
32,57,12.0
32,58,10.0
32,59,11.0
32,62,13.0
32,63,23.0
32,64,13.0
32,68,20.0
32,69,13.0
32,70,24.0
32,71,24.0
32,73,12.0
32,75,22.0
32,77,28.0
32,78,30.0
32,79,15.0
32,80,18.0
32,81,14.0
32,82,23.0
32,83,19.0
32,86,25.0
32,87,24.0
32,88,11.0
32,89,29.0
32,90,12.0
32,91,14.0
32,92,28.0
32,94,20.0
32,98,27.0
32,99,29.0
33,34,20.0
33,35,29.0
33,38,19.0
33,39,27.0
33,40,10.0
33,41,25.0
33,42,15.0
33,43,24.0
33,44,26.0
33,45,17.0
33,46,16.0
33,47,14.0
33,49,26.0
33,51,20.0
33,52,29.0
33,53,14.0
33,55,18.0
33,57,10.0
33,58,25.0
33,59,26.0
33,60,16.0
33,62,28.0
33,65,16.0
33,67,12.0
33,71,18.0
33,73,19.0
33,75,21.0
33,77,16.0
33,78,20.0
33,79,15.0
33,80,15.0
33,82,29.0
33,83,23.0
33,84,27.0
33,85,17.0
33,86,10.0
33,87,17.0
33,88,25.0
33,89,13.0
33,90,15.0
33,91,15.0
33,93,27.0
33,94,24.0
33,97,11.0
33,98,18.0
34,35,15.0
34,37,12.0
34,38,15.0
34,39,13.0
34,42,16.0
34,43,15.0
34,44,26.0
34,46,14.0
34,47,30.0
34,48,10.0
34,49,10.0
34,50,29.0
34,52,23.0
34,53,23.0
34,54,28.0
34,56,19.0
34,57,29.0
34,58,21.0
34,60,15.0
34,61,21.0
34,63,25.0
34,64,27.0
34,65,10.0
34,67,23.0
34,68,19.0
34,72,30.0
34,75,21.0
34,76,27.0
34,77,29.0
34,78,19.0
34,80,10.0
34,82,12.0
34,84,29.0
34,87,10.0
34,89,19.0
34,90,26.0
34,91,19.0
34,94,14.0
34,97,15.0
34,98,17.0
34,99,16.0
35,36,17.0
35,37,10.0
35,38,17.0
35,39,15.0
35,40,16.0
35,41,20.0
35,43,10.0
35,45,26.0
35,46,10.0
35,47,16.0
35,48,17.0
35,49,17.0
35,51,29.0
35,52,29.0
35,53,30.0
35,54,28.0
35,55,28.0
35,56,10.0
35,58,11.0
35,61,19.0
35,62,19.0
35,63,20.0
35,64,21.0
35,65,28.0
35,66,28.0
35,67,14.0
35,68,18.0
35,69,26.0
35,70,14.0
35,71,20.0
35,72,16.0
35,73,30.0
35,74,29.0
35,75,29.0
35,76,24.0
35,78,30.0
35,79,13.0
35,83,26.0
35,84,30.0
35,85,14.0
35,86,13.0
35,87,13.0
35,90,17.0
35,91,23.0
35,92,23.0
35,93,28.0
35,94,11.0
35,95,14.0
35,97,15.0
35,98,23.0
36,37,20.0
36,38,17.0
36,39,20.0
36,40,22.0
36,41,19.0
36,43,10.0
36,45,21.0
36,46,23.0
36,47,15.0
36,48,20.0
36,49,16.0
36,50,10.0
36,53,10.0
36,54,15.0
36,55,26.0
36,56,25.0
36,57,10.0
36,58,11.0
36,65,15.0
36,67,28.0
36,68,23.0
36,70,21.0
36,71,22.0
36,73,29.0
36,74,15.0
36,75,17.0
36,76,26.0
36,77,14.0
36,78,19.0
36,79,14.0
36,81,17.0
36,82,11.0
36,83,26.0
36,85,17.0
36,87,13.0
36,88,29.0
36,90,10.0
36,91,19.0
36,92,22.0
36,94,14.0
36,99,16.0
37,40,25.0
37,43,19.0
37,47,14.0
37,48,18.0
37,50,10.0
37,52,13.0
37,56,24.0
37,58,12.0
37,61,19.0
37,63,15.0
37,65,10.0
37,66,27.0
37,67,25.0
37,70,13.0
37,71,12.0
37,73,24.0
37,74,16.0
37,75,21.0
37,76,11.0
37,77,21.0
37,78,24.0
37,80,28.0
37,83,15.0
37,84,16.0
37,86,26.0
37,88,19.0
37,90,22.0
37,92,13.0
37,93,13.0
37,94,22.0
37,98,17.0
37,99,25.0
38,39,30.0
38,41,23.0
38,46,15.0
38,47,22.0
38,50,25.0
38,51,18.0
38,53,29.0
38,57,18.0
38,61,12.0
38,62,13.0
38,65,15.0
38,66,15.0
38,68,26.0
38,70,26.0
38,72,12.0
38,73,14.0
38,74,28.0
38,78,12.0
38,79,30.0
38,80,15.0
38,83,27.0
38,84,12.0
38,85,28.0
38,86,28.0
38,87,28.0
38,88,16.0
38,91,20.0
38,93,19.0
38,94,16.0
38,95,30.0
38,96,25.0
38,97,29.0
38,98,20.0
38,99,29.0
39,42,22.0
39,43,11.0
39,45,18.0
39,47,30.0
39,48,14.0
39,51,13.0
39,52,21.0
39,53,24.0
39,55,12.0
39,56,17.0
39,57,12.0
39,58,24.0
39,59,14.0
39,63,21.0
39,64,13.0
39,65,13.0
39,67,12.0
39,70,18.0
39,71,30.0
39,72,10.0
39,75,14.0
39,76,15.0
39,78,20.0
39,79,29.0
39,80,13.0
39,81,13.0
39,84,26.0
39,89,21.0
39,90,26.0
39,92,18.0
39,93,12.0
39,94,29.0
39,95,10.0
39,96,26.0
39,97,28.0
39,98,17.0
40,41,15.0
40,43,12.0
40,44,28.0
40,45,26.0
40,46,11.0
40,47,12.0
40,48,30.0
40,49,28.0
40,50,14.0
40,51,27.0
40,52,14.0
40,53,11.0
40,54,16.0
40,55,12.0
40,56,19.0
40,57,18.0
40,59,29.0
40,61,13.0
40,62,15.0
40,63,15.0
40,64,29.0
40,65,11.0
40,67,10.0
40,68,23.0
40,70,23.0
40,72,16.0
40,73,22.0
40,74,28.0
40,75,20.0
40,76,21.0
40,77,17.0
40,79,27.0
40,81,28.0
40,82,22.0
40,83,27.0
40,85,24.0
40,86,22.0
40,87,28.0
40,89,25.0
40,90,17.0
40,91,23.0
40,93,18.0
40,94,16.0
40,95,19.0
40,96,21.0
40,98,27.0
41,42,27.0
41,43,28.0
41,45,18.0
41,46,22.0
41,50,26.0
41,51,26.0
41,53,19.0
41,57,24.0
41,58,12.0
41,60,30.0
41,61,11.0
41,62,23.0
41,63,30.0
41,64,22.0
41,66,13.0
41,67,24.0
41,68,23.0
41,69,17.0
41,70,13.0
41,71,23.0
41,72,18.0
41,73,13.0
41,74,30.0
41,75,29.0
41,77,14.0
41,78,25.0
41,79,19.0
41,80,14.0
41,82,12.0
41,83,20.0
41,84,21.0
41,85,16.0
41,87,28.0
41,88,17.0
41,90,22.0
41,96,29.0
41,97,13.0
41,98,16.0
42,44,16.0
42,45,20.0
42,48,18.0
42,50,10.0
42,51,11.0
42,52,23.0
42,53,29.0
42,54,16.0
42,55,25.0
42,56,27.0
42,57,21.0
42,58,26.0
42,60,17.0
42,62,22.0
42,64,26.0
42,65,19.0
42,67,29.0
42,70,24.0
42,71,19.0
42,73,15.0
42,74,11.0
42,76,28.0
42,77,30.0
42,80,29.0
42,82,23.0
42,84,27.0
42,85,26.0
42,86,23.0
42,87,27.0
42,88,10.0
42,89,17.0
42,90,22.0
42,92,23.0
42,93,22.0
42,95,15.0
42,96,21.0
42,97,27.0
42,98,27.0
42,99,18.0
43,44,12.0
43,45,11.0
43,46,27.0
43,47,28.0
43,49,23.0
43,50,20.0
43,51,28.0
43,55,18.0
43,57,27.0
43,58,28.0
43,60,13.0
43,61,27.0
43,64,28.0
43,65,15.0
43,67,20.0
43,68,26.0
43,69,13.0
43,70,25.0
43,71,30.0
43,74,20.0
43,75,14.0
43,77,25.0
43,78,17.0
43,79,19.0
43,80,29.0
43,82,14.0
43,84,11.0
43,85,10.0
43,86,24.0
43,89,12.0
43,90,16.0
43,92,24.0
43,94,20.0
43,99,28.0
44,46,10.0
44,47,29.0
44,48,29.0
44,50,20.0
44,51,20.0
44,52,12.0
44,53,13.0
44,54,16.0
44,55,21.0
44,56,11.0
44,59,13.0
44,61,27.0
44,63,29.0
44,65,16.0
44,67,11.0
44,69,18.0
44,70,10.0
44,71,25.0
44,72,26.0
44,73,15.0
44,75,29.0
44,77,22.0
44,79,23.0
44,81,14.0
44,82,30.0
44,84,27.0
44,85,26.0
44,86,30.0
44,87,23.0
44,88,19.0
44,90,16.0
44,91,20.0
44,92,23.0
44,93,22.0
44,94,12.0
44,96,13.0
45,46,27.0
45,47,29.0
45,48,21.0
45,49,20.0
45,51,23.0
45,52,22.0
45,53,27.0
45,54,16.0
45,55,29.0
45,57,20.0
45,58,18.0
45,59,13.0
45,60,22.0
45,63,20.0
45,64,22.0
45,65,29.0
45,68,14.0
45,69,18.0
45,74,17.0
45,75,23.0
45,77,12.0
45,80,13.0
45,81,26.0
45,82,15.0
45,86,10.0
45,87,10.0
45,88,12.0
45,89,18.0
45,90,11.0
45,91,27.0
45,92,17.0
45,93,16.0
45,95,29.0
45,96,10.0
45,99,21.0
46,47,25.0
46,48,11.0
46,49,26.0
46,50,14.0
46,53,18.0
46,54,24.0
46,56,20.0
46,60,27.0
46,62,12.0
46,64,20.0
46,67,14.0
46,68,25.0
46,71,15.0
46,72,14.0
46,74,11.0
46,75,24.0
46,77,19.0
46,82,30.0
46,84,28.0
46,85,23.0
46,87,13.0
46,88,17.0
46,89,19.0
46,92,20.0
46,95,23.0
46,97,14.0
47,48,26.0
47,49,13.0
47,50,30.0
47,51,19.0
47,53,29.0
47,54,17.0
47,55,25.0
47,56,28.0
47,59,26.0
47,60,24.0
47,62,12.0
47,63,14.0
47,65,24.0
47,66,27.0
47,67,23.0
47,68,19.0
47,70,29.0
47,75,10.0
47,76,19.0
47,78,11.0
47,79,21.0
47,81,26.0
47,82,20.0
47,83,15.0
47,84,25.0
47,85,17.0
47,86,17.0
47,88,10.0
47,89,23.0
47,90,30.0
47,94,17.0
47,95,18.0
47,96,18.0
47,97,18.0
47,99,30.0
48,49,26.0
48,54,27.0
48,55,27.0
48,56,27.0
48,59,14.0
48,60,23.0
48,61,13.0
48,63,11.0
48,64,12.0
48,66,12.0
48,67,19.0
48,69,28.0
48,70,26.0
48,73,24.0
48,74,11.0
48,75,21.0
48,76,25.0
48,77,27.0
48,78,15.0
48,79,13.0
48,80,17.0
48,81,25.0
48,82,28.0
48,83,14.0
48,84,12.0
48,85,16.0
48,86,13.0
48,87,15.0
48,88,20.0
48,89,30.0
48,90,28.0
48,91,12.0
48,92,16.0
48,93,18.0
48,94,29.0
48,95,23.0
48,96,16.0
48,97,25.0
48,98,12.0
48,99,21.0
49,50,10.0
49,51,17.0
49,53,20.0
49,54,26.0
49,55,17.0
49,58,28.0
49,59,19.0
49,60,10.0
49,61,12.0
49,63,12.0
49,64,14.0
49,65,13.0
49,66,20.0
49,67,12.0
49,68,26.0
49,69,12.0
49,70,15.0
49,71,17.0
49,72,23.0
49,75,11.0
49,76,29.0
49,77,26.0
49,79,10.0
49,80,18.0
49,81,22.0
49,83,16.0
49,84,14.0
49,85,21.0
49,86,13.0
49,87,21.0
49,88,27.0
49,90,28.0
49,91,21.0
49,93,28.0
49,94,13.0
49,96,19.0
49,97,16.0
49,98,15.0
49,99,11.0
50,51,18.0
50,52,11.0
50,56,20.0
50,57,12.0
50,58,27.0
50,60,22.0
50,62,21.0
50,63,27.0
50,64,15.0
50,65,13.0
50,66,18.0
50,67,16.0
50,69,25.0
50,70,11.0
50,71,18.0
50,73,14.0
50,75,29.0
50,77,28.0
50,78,20.0
50,80,21.0
50,83,21.0
50,84,26.0
50,85,11.0
50,89,10.0
50,93,20.0
50,94,11.0
50,97,29.0
50,99,13.0
51,53,17.0
51,54,10.0
51,55,17.0
51,56,29.0
51,57,14.0
51,58,16.0
51,59,25.0
51,60,20.0
51,62,24.0
51,63,26.0
51,64,13.0
51,66,24.0
51,67,19.0
51,68,12.0
51,69,11.0
51,70,29.0
51,73,10.0
51,76,11.0
51,79,20.0
51,80,23.0
51,81,12.0
51,82,20.0
51,85,17.0
51,86,15.0
51,87,29.0
51,88,20.0
51,89,25.0
51,92,16.0
51,94,30.0
51,95,30.0
51,96,18.0
51,97,13.0
51,99,18.0
52,53,14.0
52,54,10.0
52,55,28.0
52,57,30.0
52,58,10.0
52,60,22.0
52,61,24.0
52,62,10.0
52,64,11.0
52,65,21.0
52,68,14.0
52,69,25.0
52,72,16.0
52,73,26.0
52,75,25.0
52,77,30.0
52,82,26.0
52,83,21.0
52,85,21.0
52,86,27.0
52,88,18.0
52,91,22.0
52,92,22.0
52,93,30.0
52,94,20.0
52,95,30.0
52,98,12.0
52,99,19.0
53,56,25.0
53,59,14.0
53,61,17.0
53,62,10.0
53,63,26.0
53,64,27.0
53,66,29.0
53,67,14.0
53,68,18.0
53,70,10.0
53,71,12.0
53,72,20.0
53,74,10.0
53,75,15.0
53,77,21.0
53,78,12.0
53,79,19.0
53,80,12.0
53,82,23.0
53,84,30.0
53,85,23.0
53,86,17.0
53,87,29.0
53,88,29.0
53,89,24.0
53,90,25.0
53,95,12.0
53,96,22.0
53,98,15.0
54,55,19.0
54,56,13.0
54,57,15.0
54,59,26.0
54,60,27.0
54,63,21.0
54,64,24.0
54,65,26.0
54,67,16.0
54,69,20.0
54,71,24.0
54,74,14.0
54,78,12.0
54,81,18.0
54,83,18.0
54,85,26.0
54,87,28.0
54,89,28.0
54,91,10.0
54,92,29.0
54,93,29.0
54,98,19.0
55,58,30.0
55,61,30.0
55,62,12.0
55,63,13.0
55,64,29.0
55,65,27.0
55,66,21.0
55,67,23.0
55,69,26.0
55,70,21.0
55,72,24.0
55,73,14.0
55,74,28.0
55,76,11.0
55,77,20.0
55,81,28.0
55,82,13.0
55,83,30.0
55,84,26.0
55,86,15.0
55,90,14.0
55,92,23.0
55,94,27.0
55,96,20.0
55,98,12.0
55,99,17.0
56,58,14.0
56,59,24.0
56,62,25.0
56,63,29.0
56,64,10.0
56,65,30.0
56,66,22.0
56,68,30.0
56,69,17.0
56,71,23.0
56,72,11.0
56,73,28.0
56,74,22.0
56,75,17.0
56,76,13.0
56,78,18.0
56,80,20.0
56,82,13.0
56,84,16.0
56,88,28.0
56,90,16.0
56,91,25.0
56,93,28.0
56,96,20.0
56,97,18.0
56,98,26.0
57,58,20.0
57,59,18.0
57,60,13.0
57,61,22.0
57,64,29.0
57,67,29.0
57,68,29.0
57,69,11.0
57,70,20.0
57,71,25.0
57,72,20.0
57,73,15.0
57,74,21.0
57,76,11.0
57,77,27.0
57,80,15.0
57,81,11.0
57,82,22.0
57,84,24.0
57,87,16.0
57,88,23.0
57,89,24.0
57,90,11.0
57,91,15.0
57,92,24.0
57,93,13.0
57,94,10.0
57,95,11.0
57,98,26.0
57,99,28.0
58,60,17.0
58,63,19.0
58,65,14.0
58,66,27.0
58,67,23.0
58,69,17.0
58,70,18.0
58,72,16.0
58,73,29.0
58,75,25.0
58,76,22.0
58,77,18.0
58,79,16.0
58,80,11.0
58,81,20.0
58,83,24.0
58,84,14.0
58,88,21.0
58,89,16.0
58,90,10.0
58,92,28.0
58,93,17.0
58,94,16.0
58,95,14.0
58,96,29.0
58,97,18.0
58,98,11.0
58,99,15.0
59,61,23.0
59,62,11.0
59,65,27.0
59,67,26.0
59,70,23.0
59,72,27.0
59,73,30.0
59,74,16.0
59,76,11.0
59,80,14.0
59,84,28.0
59,86,28.0
59,88,12.0
59,91,16.0
59,92,14.0
59,93,17.0
59,95,17.0
59,97,23.0
60,61,19.0
60,63,26.0
60,64,26.0
60,65,26.0
60,66,10.0
60,67,29.0
60,69,22.0
60,70,19.0
60,72,27.0
60,73,23.0
60,75,24.0
60,78,24.0
60,80,28.0
60,81,16.0
60,83,18.0
60,85,19.0
60,86,27.0
60,88,21.0
60,89,11.0
60,91,19.0
60,92,15.0
60,93,23.0
60,94,12.0
60,95,25.0
60,96,29.0
60,99,11.0
61,63,12.0
61,64,16.0
61,65,11.0
61,66,23.0
61,68,26.0
61,70,11.0
61,71,10.0
61,73,28.0
61,74,30.0
61,75,20.0
61,76,20.0
61,77,11.0
61,79,11.0
61,81,20.0
61,82,11.0
61,83,17.0
61,84,25.0
61,85,18.0
61,86,22.0
61,87,21.0
61,89,21.0
61,91,28.0
61,93,14.0
61,94,10.0
61,97,11.0
61,98,15.0
61,99,11.0
62,64,27.0
62,65,26.0
62,66,28.0
62,67,12.0
62,68,22.0
62,70,29.0
62,71,16.0
62,72,23.0
62,74,11.0
62,75,16.0
62,80,14.0
62,87,11.0
62,88,28.0
62,90,18.0
62,91,22.0
62,93,22.0
63,64,23.0
63,66,11.0
63,70,12.0
63,71,23.0
63,73,30.0
63,76,15.0
63,78,16.0
63,79,20.0
63,80,11.0
63,81,13.0
63,83,17.0
63,84,29.0
63,85,23.0
63,88,29.0
63,89,13.0
63,91,19.0
63,92,10.0
63,93,15.0
63,94,26.0
63,96,22.0
63,97,24.0
63,98,27.0
63,99,14.0
64,65,15.0
64,68,24.0
64,71,29.0
64,73,16.0
64,74,16.0
64,76,30.0
64,77,19.0
64,78,16.0
64,79,10.0
64,80,12.0
64,81,18.0
64,82,22.0
64,83,29.0
64,85,11.0
64,87,28.0
64,90,23.0
64,92,16.0
64,93,27.0
64,96,24.0
65,68,28.0
65,70,18.0
65,71,22.0
65,72,30.0
65,73,13.0
65,74,10.0
65,75,24.0
65,76,12.0
65,77,16.0
65,80,30.0
65,83,21.0
65,84,29.0
65,88,13.0
65,89,26.0
65,90,21.0
65,91,20.0
65,93,23.0
65,95,28.0
65,97,15.0
65,98,19.0
65,99,23.0
66,67,18.0
66,68,29.0
66,70,30.0
66,71,17.0
66,72,24.0
66,73,22.0
66,74,12.0
66,76,16.0
66,77,21.0
66,78,25.0
66,79,19.0
66,81,23.0
66,82,30.0
66,87,11.0
66,88,24.0
66,89,26.0
66,90,22.0
66,92,30.0
66,93,24.0
66,96,11.0
66,99,15.0
67,68,17.0
67,69,10.0
67,70,18.0
67,71,26.0
67,73,24.0
67,77,25.0
67,78,20.0
67,82,26.0
67,83,11.0
67,84,29.0
67,87,24.0
67,90,10.0
67,91,25.0
67,93,17.0
67,94,13.0
67,97,13.0
67,99,11.0
68,69,15.0
68,70,20.0
68,72,21.0
68,73,22.0
68,76,16.0
68,78,30.0
68,79,30.0
68,80,20.0
68,82,19.0
68,83,16.0
68,84,21.0
68,85,18.0
68,86,16.0
68,87,15.0
68,90,19.0
68,91,15.0
68,92,25.0
68,93,27.0
68,94,12.0
68,96,28.0
68,98,15.0
69,75,16.0
69,76,24.0
69,79,13.0
69,80,17.0
69,81,10.0
69,83,18.0
69,84,12.0
69,85,23.0
69,86,14.0
69,87,20.0
69,89,27.0
69,90,27.0
69,91,14.0
69,92,25.0
69,94,25.0
69,95,30.0
69,96,17.0
69,97,13.0
69,98,24.0
69,99,11.0
70,72,13.0
70,73,23.0
70,74,26.0
70,75,19.0
70,77,11.0
70,78,16.0
70,80,30.0
70,81,28.0
70,82,28.0
70,83,15.0
70,84,19.0
70,85,28.0
70,86,26.0
70,87,21.0
70,88,20.0
70,89,17.0
70,90,25.0
70,94,16.0
70,95,24.0
70,98,15.0
70,99,10.0
71,76,10.0
71,78,30.0
71,79,25.0
71,80,29.0
71,81,26.0
71,82,11.0
71,85,21.0
71,86,23.0
71,87,29.0
71,88,27.0
71,90,26.0
71,94,14.0
71,95,21.0
71,97,22.0
71,99,29.0
72,73,12.0
72,75,24.0
72,76,26.0
72,78,25.0
72,81,23.0
72,84,23.0
72,87,27.0
72,89,18.0
72,90,26.0
72,91,11.0
72,92,26.0
72,94,24.0
72,96,22.0
72,98,24.0
73,75,11.0
73,77,12.0
73,78,21.0
73,79,14.0
73,81,25.0
73,82,28.0
73,83,24.0
73,84,12.0
73,85,30.0
73,87,30.0
73,89,25.0
73,90,12.0
73,93,17.0
73,96,24.0
73,97,16.0
74,75,22.0
74,76,16.0
74,77,22.0
74,78,19.0
74,80,26.0
74,81,28.0
74,82,29.0
74,83,25.0
74,86,28.0
74,89,25.0
74,91,25.0
74,92,20.0
74,94,29.0
74,95,29.0
74,97,25.0
74,98,24.0
74,99,19.0
75,76,15.0
75,77,17.0
75,79,16.0
75,80,20.0
75,82,29.0
75,85,25.0
75,86,22.0
75,87,10.0
75,88,25.0
75,89,19.0
75,92,26.0
75,93,27.0
75,95,26.0
75,99,10.0
76,77,30.0
76,78,26.0
76,79,25.0
76,80,17.0
76,81,21.0
76,82,12.0
76,83,26.0
76,84,13.0
76,86,20.0
76,87,15.0
76,89,23.0
76,91,24.0
76,93,13.0
76,95,15.0
76,96,21.0
76,97,14.0
76,99,16.0
77,78,18.0
77,80,24.0
77,81,23.0
77,82,21.0
77,83,17.0
77,85,22.0
77,86,30.0
77,88,26.0
77,89,17.0
77,91,11.0
77,93,10.0
77,94,21.0
77,95,22.0
77,97,18.0
77,98,24.0
77,99,15.0
78,79,15.0
78,82,20.0
78,83,28.0
78,86,28.0
78,87,14.0
78,90,27.0
78,91,19.0
78,93,18.0
78,94,25.0
78,95,27.0
78,96,26.0
78,97,18.0
78,98,18.0
79,82,22.0
79,84,22.0
79,91,11.0
79,93,10.0
79,97,17.0
80,81,29.0
80,82,21.0
80,83,15.0
80,84,29.0
80,86,15.0
80,87,10.0
80,88,20.0
80,89,13.0
80,90,26.0
80,91,16.0
80,92,19.0
80,94,14.0
80,95,23.0
80,96,28.0
80,97,11.0
80,99,27.0
81,82,29.0
81,84,25.0
81,87,23.0
81,88,17.0
81,89,26.0
81,90,22.0
81,91,22.0
81,93,25.0
81,95,24.0
81,96,24.0
81,99,18.0
82,84,28.0
82,89,30.0
82,90,17.0
82,92,12.0
82,93,30.0
82,95,21.0
82,96,20.0
82,97,24.0
82,98,27.0
82,99,27.0
83,85,23.0
83,86,12.0
83,87,17.0
83,88,19.0
83,89,17.0
83,90,18.0
83,92,21.0
83,95,18.0
83,97,26.0
83,99,11.0
84,85,25.0
84,86,16.0
84,89,14.0
84,90,20.0
84,91,13.0
84,92,26.0
84,94,23.0
84,95,15.0
84,96,23.0
84,97,20.0
84,98,12.0
85,86,17.0
85,88,25.0
85,89,28.0
85,90,17.0
85,91,26.0
85,94,13.0
85,95,19.0
85,96,10.0
85,98,23.0
85,99,22.0
86,88,16.0
86,89,21.0
86,90,11.0
86,92,25.0
86,94,17.0
86,96,11.0
86,97,10.0
86,98,23.0
86,99,17.0
87,88,17.0
87,89,21.0
87,90,13.0
87,91,19.0
87,93,25.0
87,94,30.0
87,95,26.0
87,96,18.0
87,98,30.0
87,99,27.0
88,89,13.0
88,95,19.0
89,90,12.0
89,91,12.0
89,93,28.0
89,94,21.0
89,95,11.0
89,97,12.0
89,99,21.0
90,92,17.0
90,93,11.0
90,95,10.0
90,96,18.0
90,97,14.0
91,94,26.0
91,97,25.0
91,98,12.0
91,99,14.0
92,93,19.0
92,94,27.0
92,96,13.0
92,97,20.0
92,98,11.0
93,94,11.0
93,96,15.0
93,97,13.0
93,99,11.0
94,97,16.0
94,99,28.0
95,96,22.0
95,97,13.0
96,97,22.0
97,98,27.0
97,99,17.0
98,99,10.0
